Df  %Dev   Lambda
1      0  0.00 0.126500
2      1  0.79 0.115300
3      2  1.91 0.105000
4      3  3.16 0.095690
5      4  4.63 0.087190
6      4  6.01 0.079440
7      6  7.43 0.072380
8     10  8.92 0.065950
9     11 10.67 0.060090
10    17 12.55 0.054760
11    17 14.42 0.049890
12    24 16.30 0.045460
13    32 18.29 0.041420
14    37 20.31 0.037740
15    52 22.40 0.034390
16    62 24.57 0.031330
17    77 26.70 0.028550
18    88 28.90 0.026010
19   102 31.01 0.023700
20   114 33.05 0.021600
21   137 35.02 0.019680
22   163 36.99 0.017930
23   189 38.95 0.016340
24   222 40.87 0.014890
25   253 42.77 0.013560
26   295 44.62 0.012360
27   334 46.43 0.011260
28   359 48.18 0.010260
29   404 49.85 0.009349
30   454 51.47 0.008518
31   502 53.04 0.007761
32   554 54.55 0.007072
33   621 56.00 0.006444
34   674 57.39 0.005871
35   736 58.71 0.005350
36   787 59.96 0.004874
37   839 61.14 0.004441
38   873 62.24 0.004047
39   917 63.26 0.003687
40   963 64.22 0.003360
41   990 65.12 0.003061
42  1034 65.95 0.002789
43  1075 66.73 0.002542
44  1108 67.46 0.002316
45  1140 68.15 0.002110
46  1163 68.79 0.001923
47  1199 69.39 0.001752
48  1234 69.96 0.001596
49  1271 70.49 0.001454
50  1290 70.98 0.001325
51  1311 71.44 0.001207
52  1331 71.86 0.001100
53  1361 72.25 0.001002
54  1383 72.62 0.000913
55  1408 72.96 0.000832
56  1428 73.28 0.000758
57  1453 73.57 0.000691
58  1485 73.84 0.000630
59  1507 74.10 0.000574
60  1535 74.33 0.000523
61  1558 74.55 0.000476
62  1576 74.75 0.000434
63  1595 74.94 0.000395
64  1615 75.11 0.000360
65  1633 75.26 0.000328
66  1652 75.40 0.000299
67  1667 75.52 0.000272
68  1696 75.63 0.000248
69  1712 75.74 0.000226
70  1728 75.83 0.000206
71  1752 75.92 0.000188
72  1764 76.00 0.000171
73  1778 76.06 0.000156
74  1799 76.13 0.000142
75  1812 76.18 0.000130
76  1825 76.23 0.000118
77  1846 76.28 0.000108
78  1856 76.32 0.000098
79  1866 76.35 0.000089
80  1881 76.38 0.000081
81  1888 76.41 0.000074
82  1891 76.43 0.000068
83  1901 76.45 0.000062
84  1909 76.47 0.000056
85  1914 76.48 0.000051
86  1917 76.50 0.000047
87  1923 76.51 0.000042
88  1927 76.52 0.000039
89  1937 76.53 0.000035
90  1940 76.54 0.000032
91  1944 76.54 0.000029
92  1945 76.55 0.000027
93  1946 76.55 0.000024
94  1949 76.56 0.000022
95  1948 76.56 0.000020
96  1951 76.57 0.000018
97  1953 76.57 0.000017
98  1952 76.57 0.000015
99  1955 76.57 0.000014
100 1955 76.58 0.000013