      Df  %Dev   Lambda           
1      0  0.00 0.127100
2      1  0.80 0.115800
3      2  1.80 0.105600
4      3  3.09 0.096180
5      4  4.56 0.087640
6      4  5.94 0.079850
7      6  7.29 0.072760
8      7  8.80 0.066290
9     11 10.42 0.060400
10    15 12.23 0.055040
11    16 13.99 0.050150
12    21 15.77 0.045690
13    32 17.69 0.041630
14    41 19.83 0.037940
15    48 21.95 0.034570
16    60 24.06 0.031490
17    74 26.20 0.028700
18    84 28.35 0.026150
19   102 30.47 0.023820
20   121 32.55 0.021710
21   140 34.60 0.019780
22   163 36.57 0.018020
23   181 38.52 0.016420
24   206 40.40 0.014960
25   237 42.24 0.013630
26   281 44.08 0.012420
27   318 45.88 0.011320
28   361 47.65 0.010310
29   409 49.37 0.009397
30   459 51.02 0.008562
31   502 52.61 0.007801
32   537 54.11 0.007108
33   591 55.53 0.006477
34   640 56.88 0.005901
35   699 58.16 0.005377
36   760 59.39 0.004900
37   800 60.56 0.004464
38   856 61.65 0.004068
39   903 62.68 0.003706
40   944 63.64 0.003377
41   993 64.54 0.003077
42  1031 65.38 0.002804
43  1080 66.17 0.002555
44  1117 66.90 0.002328
45  1164 67.60 0.002121
46  1201 68.26 0.001932
47  1226 68.87 0.001761
48  1257 69.44 0.001604
49  1292 69.98 0.001462
50  1319 70.47 0.001332
51  1348 70.93 0.001214
52  1367 71.35 0.001106
53  1390 71.74 0.001008
54  1416 72.10 0.000918
55  1445 72.42 0.000836
56  1454 72.73 0.000762
57  1488 73.01 0.000695
58  1500 73.27 0.000633
59  1518 73.50 0.000577
60  1543 73.72 0.000525
61  1565 73.92 0.000479
62  1582 74.10 0.000436
63  1609 74.26 0.000397
64  1629 74.42 0.000362
65  1646 74.55 0.000330
66  1667 74.68 0.000301
67  1685 74.79 0.000274
68  1703 74.89 0.000250
69  1727 74.98 0.000227
70  1743 75.06 0.000207
71  1760 75.14 0.000189
72  1785 75.21 0.000172
73  1804 75.27 0.000157
74  1827 75.32 0.000143
75  1835 75.37 0.000130
76  1846 75.41 0.000119
77  1862 75.45 0.000108
78  1870 75.49 0.000098
79  1877 75.51 0.000090
80  1889 75.54 0.000082
81  1893 75.56 0.000074
82  1903 75.58 0.000068
83  1913 75.60 0.000062
84  1920 75.61 0.000056
85  1928 75.63 0.000051
86  1934 75.64 0.000047
87  1937 75.65 0.000043
88  1938 75.65 0.000039
89  1940 75.66 0.000035
90  1941 75.67 0.000032
91  1945 75.67 0.000029
92  1947 75.68 0.000027
93  1951 75.68 0.000024
94  1953 75.69 0.000022
95  1955 75.69 0.000020
96  1956 75.69 0.000018
97  1957 75.69 0.000017
98  1961 75.70 0.000015
99  1962 75.70 0.000014
100 1960 75.70 0.000013